400 0 40 0 0
399 2 40 0 0
399 5 40 0 0
399 7 40 0 0
399 10 40 0 0
399 12 40 0 0
399 15 40 0 0
399 17 40 0 0
399 20 40 0 0
399 22 40 0 0
399 25 40 0 0
399 27 40 0 0
398 30 40 0 0
398 32 40 0 0
398 35 40 0 0
398 37 40 0 0
397 40 40 0 0
397 42 40 0 0
397 45 40 0 0
397 47 40 0 0
396 50 40 0 0
396 52 40 0 0
396 55 40 0 0
395 57 40 0 0
395 60 40 0 0
395 62 40 0 0
394 65 40 0 0
394 67 40 0 0
393 70 40 0 0
393 72 40 0 0
392 74 40 0 0
392 77 40 0 0
391 79 40 0 0
391 82 40 0 0
390 84 40 0 0
390 87 40 0 0
389 89 40 0 0
389 92 40 0 0
388 94 40 0 0
388 97 40 0 0
387 99 40 0 0
386 101 40 0 0
386 104 40 0 0
385 106 40 0 0
384 109 40 0 0
384 111 40 0 0
383 114 40 0 0
382 116 40 0 0
381 118 40 0 0
381 121 40 0 0
380 123 40 0 0
379 125 40 0 0
378 128 40 0 0
378 130 40 0 0
377 133 40 0 0
376 135 40 0 0
375 137 40 0 0
374 140 40 0 0
373 142 40 0 0
372 144 40 0 0
371 147 40 0 0
370 149 40 0 0
370 151 40 0 0
369 154 40 0 0
368 156 40 0 0
367 158 40 0 0
366 161 40 0 0
365 163 40 0 0
364 165 40 0 0
362 168 40 0 0
361 170 40 0 0
360 172 40 0 0
359 174 40 0 0
358 177 40 0 0
357 179 40 0 0
356 181 40 0 0
355 183 40 0 0
354 186 40 0 0
352 188 40 0 0
351 190 40 0 0
350 192 40 0 0
349 194 40 0 0
348 197 40 0 0
346 199 40 0 0
345 201 40 0 0
344 203 40 0 0
343 205 40 0 0
341 207 40 0 0
340 210 40 0 0
339 212 40 0 0
337 214 40 0 0
336 216 40 0 0
335 218 40 0 0
333 220 40 0 0
332 222 40 0 0
330 224 40 0 0
329 226 40 0 0
327 228 40 0 0
326 231 40 0 0
325 233 40 0 0
323 235 40 0 0
322 237 40 0 0
320 239 40 0 0
319 241 40 0 0
317 243 40 0 0
316 245 40 0 0
314 247 40 0 0
312 249 40 0 0
311 251 40 0 0
309 253 40 0 0
308 254 40 0 0
306 256 40 0 0
304 258 40 0 0
303 260 40 0 0
301 262 40 0 0
300 264 40 0 0
298 266 40 0 0
296 268 40 0 0
295 270 40 0 0
293 271 40 0 0
291 273 40 0 0
289 275 40 0 0
288 277 40 0 0
286 279 40 0 0
284 281 40 0 0
282 282 40 0 0
281 284 40 0 0
279 286 40 0 0
277 288 40 0 0
275 289 40 0 0
273 291 40 0 0
271 293 40 0 0
270 295 40 0 0
268 296 40 0 0
266 298 40 0 0
264 300 40 0 0
262 301 40 0 0
260 303 40 0 0
258 304 40 0 0
256 306 40 0 0
254 308 40 0 0
253 309 40 0 0
251 311 40 0 0
249 312 40 0 0
247 314 40 0 0
245 316 40 0 0
243 317 40 0 0
241 319 40 0 0
239 320 40 0 0
237 322 40 0 0
235 323 40 0 0
233 325 40 0 0
231 326 40 0 0
228 327 40 0 0
226 329 40 0 0
224 330 40 0 0
222 332 40 0 0
220 333 40 0 0
218 335 40 0 0
216 336 40 0 0
214 337 40 0 0
212 339 40 0 0
210 340 40 0 0
207 341 40 0 0
205 343 40 0 0
203 344 40 0 0
201 345 40 0 0
199 346 40 0 0
197 348 40 0 0
194 349 40 0 0
192 350 40 0 0
190 351 40 0 0
188 352 40 0 0
186 354 40 0 0
183 355 40 0 0
181 356 40 0 0
179 357 40 0 0
177 358 40 0 0
174 359 40 0 0
172 360 40 0 0
170 361 40 0 0
168 362 40 0 0
165 364 40 0 0
163 365 40 0 0
161 366 40 0 0
158 367 40 0 0
156 368 40 0 0
154 369 40 0 0
151 370 40 0 0
149 370 40 0 0
147 371 40 0 0
144 372 40 0 0
142 373 40 0 0
140 374 40 0 0
137 375 40 0 0
135 376 40 0 0
133 377 40 0 0
130 378 40 0 0
128 378 40 0 0
125 379 40 0 0
123 380 40 0 0
121 381 40 0 0
118 381 40 0 0
116 382 40 0 0
114 383 40 0 0
111 384 40 0 0
109 384 40 0 0
106 385 40 0 0
104 386 40 0 0
101 386 40 0 0
99 387 40 0 0
97 388 40 0 0
94 388 40 0 0
92 389 40 0 0
89 389 40 0 0
87 390 40 0 0
84 390 40 0 0
82 391 40 0 0
79 391 40 0 0
77 392 40 0 0
74 392 40 0 0
72 393 40 0 0
70 393 40 0 0
67 394 40 0 0
65 394 40 0 0
62 395 40 0 0
60 395 40 0 0
57 395 40 0 0
55 396 40 0 0
52 396 40 0 0
50 396 40 0 0
47 397 40 0 0
45 397 40 0 0
42 397 40 0 0
40 397 40 0 0
37 398 40 0 0
35 398 40 0 0
32 398 40 0 0
30 398 40 0 0
27 399 40 0 0
25 399 40 0 0
22 399 40 0 0
20 399 40 0 0
17 399 40 0 0
15 399 40 0 0
12 399 40 0 0
10 399 40 0 0
7 399 40 0 0
5 399 40 0 0
2 399 40 0 0
0 400 40 0 0
-2 399 40 0 0
-5 399 40 0 0
-7 399 40 0 0
-10 399 40 0 0
-12 399 40 0 0
-15 399 40 0 0
-17 399 40 0 0
-20 399 40 0 0
-22 399 40 0 0
-25 399 40 0 0
-27 399 40 0 0
-30 398 40 0 0
-32 398 40 0 0
-35 398 40 0 0
-37 398 40 0 0
-40 397 40 0 0
-42 397 40 0 0
-45 397 40 0 0
-47 397 40 0 0
-50 396 40 0 0
-52 396 40 0 0
-55 396 40 0 0
-57 395 40 0 0
-60 395 40 0 0
-62 395 40 0 0
-65 394 40 0 0
-67 394 40 0 0
-70 393 40 0 0
-72 393 40 0 0
-74 392 40 0 0
-77 392 40 0 0
-79 391 40 0 0
-82 391 40 0 0
-84 390 40 0 0
-87 390 40 0 0
-89 389 40 0 0
-92 389 40 0 0
-94 388 40 0 0
-97 388 40 0 0
-99 387 40 0 0
-101 386 40 0 0
-104 386 40 0 0
-106 385 40 0 0
-109 384 40 0 0
-111 384 40 0 0
-114 383 40 0 0
-116 382 40 0 0
-118 381 40 0 0
-121 381 40 0 0
-123 380 40 0 0
-125 379 40 0 0
-128 378 40 0 0
-130 378 40 0 0
-133 377 40 0 0
-135 376 40 0 0
-137 375 40 0 0
-140 374 40 0 0
-142 373 40 0 0
-144 372 40 0 0
-147 371 40 0 0
-149 370 40 0 0
-151 370 40 0 0
-154 369 40 0 0
-156 368 40 0 0
-158 367 40 0 0
-161 366 40 0 0
-163 365 40 0 0
-165 364 40 0 0
-168 362 40 0 0
-170 361 40 0 0
-172 360 40 0 0
-174 359 40 0 0
-177 358 40 0 0
-179 357 40 0 0
-181 356 40 0 0
-183 355 40 0 0
-186 354 40 0 0
-188 352 40 0 0
-190 351 40 0 0
-192 350 40 0 0
-194 349 40 0 0
-197 348 40 0 0
-199 346 40 0 0
-201 345 40 0 0
-203 344 40 0 0
-205 343 40 0 0
-207 341 40 0 0
-210 340 40 0 0
-212 339 40 0 0
-214 337 40 0 0
-216 336 40 0 0
-218 335 40 0 0
-220 333 40 0 0
-222 332 40 0 0
-224 330 40 0 0
-226 329 40 0 0
-228 327 40 0 0
-231 326 40 0 0
-233 325 40 0 0
-235 323 40 0 0
-237 322 40 0 0
-239 320 40 0 0
-241 319 40 0 0
-243 317 40 0 0
-245 316 40 0 0
-247 314 40 0 0
-249 312 40 0 0
-251 311 40 0 0
-253 309 40 0 0
-254 308 40 0 0
-256 306 40 0 0
-258 304 40 0 0
-260 303 40 0 0
-262 301 40 0 0
-264 300 40 0 0
-266 298 40 0 0
-268 296 40 0 0
-270 295 40 0 0
-271 293 40 0 0
-273 291 40 0 0
-275 289 40 0 0
-277 288 40 0 0
-279 286 40 0 0
-281 284 40 0 0
-282 282 40 0 0
-284 281 40 0 0
-286 279 40 0 0
-288 277 40 0 0
-289 275 40 0 0
-291 273 40 0 0
-293 271 40 0 0
-295 270 40 0 0
-296 268 40 0 0
-298 266 40 0 0
-300 264 40 0 0
-301 262 40 0 0
-303 260 40 0 0
-304 258 40 0 0
-306 256 40 0 0
-308 254 40 0 0
-309 253 40 0 0
-311 251 40 0 0
-312 249 40 0 0
-314 247 40 0 0
-316 245 40 0 0
-317 243 40 0 0
-319 241 40 0 0
-320 239 40 0 0
-322 237 40 0 0
-323 235 40 0 0
-325 233 40 0 0
-326 231 40 0 0
-327 228 40 0 0
-329 226 40 0 0
-330 224 40 0 0
-332 222 40 0 0
-333 220 40 0 0
-335 218 40 0 0
-336 216 40 0 0
-337 214 40 0 0
-339 212 40 0 0
-340 210 40 0 0
-341 207 40 0 0
-343 205 40 0 0
-344 203 40 0 0
-345 201 40 0 0
-346 199 40 0 0
-348 197 40 0 0
-349 194 40 0 0
-350 192 40 0 0
-351 190 40 0 0
-352 188 40 0 0
-354 186 40 0 0
-355 183 40 0 0
-356 181 40 0 0
-357 179 40 0 0
-358 177 40 0 0
-359 174 40 0 0
-360 172 40 0 0
-361 170 40 0 0
-362 168 40 0 0
-364 165 40 0 0
-365 163 40 0 0
-366 161 40 0 0
-367 158 40 0 0
-368 156 40 0 0
-369 154 40 0 0
-370 151 40 0 0
-370 149 40 0 0
-371 147 40 0 0
-372 144 40 0 0
-373 142 40 0 0
-374 140 40 0 0
-375 137 40 0 0
-376 135 40 0 0
-377 133 40 0 0
-378 130 40 0 0
-378 128 40 0 0
-379 125 40 0 0
-380 123 40 0 0
-381 121 40 0 0
-381 118 40 0 0
-382 116 40 0 0
-383 114 40 0 0
-384 111 40 0 0
-384 109 40 0 0
-385 106 40 0 0
-386 104 40 0 0
-386 101 40 0 0
-387 99 40 0 0
-388 97 40 0 0
-388 94 40 0 0
-389 92 40 0 0
-389 89 40 0 0
-390 87 40 0 0
-390 84 40 0 0
-391 82 40 0 0
-391 79 40 0 0
-392 77 40 0 0
-392 74 40 0 0
-393 72 40 0 0
-393 70 40 0 0
-394 67 40 0 0
-394 65 40 0 0
-395 62 40 0 0
-395 60 40 0 0
-395 57 40 0 0
-396 55 40 0 0
-396 52 40 0 0
-396 50 40 0 0
-397 47 40 0 0
-397 45 40 0 0
-397 42 40 0 0
-397 40 40 0 0
-398 37 40 0 0
-398 35 40 0 0
-398 32 40 0 0
-398 30 40 0 0
-399 27 40 0 0
-399 25 40 0 0
-399 22 40 0 0
-399 20 40 0 0
-399 17 40 0 0
-399 15 40 0 0
-399 12 40 0 0
-399 10 40 0 0
-399 7 40 0 0
-399 5 40 0 0
-399 2 40 0 0
-400 0 40 0 0
-399 -2 40 0 0
-399 -5 40 0 0
-399 -7 40 0 0
-399 -10 40 0 0
-399 -12 40 0 0
-399 -15 40 0 0
-399 -17 40 0 0
-399 -20 40 0 0
-399 -22 40 0 0
-399 -25 40 0 0
-399 -27 40 0 0
-398 -30 40 0 0
-398 -32 40 0 0
-398 -35 40 0 0
-398 -37 40 0 0
-397 -40 40 0 0
-397 -42 40 0 0
-397 -45 40 0 0
-397 -47 40 0 0
-396 -50 40 0 0
-396 -52 40 0 0
-396 -55 40 0 0
-395 -57 40 0 0
-395 -60 40 0 0
-395 -62 40 0 0
-394 -65 40 0 0
-394 -67 40 0 0
-393 -70 40 0 0
-393 -72 40 0 0
-392 -74 40 0 0
-392 -77 40 0 0
-391 -79 40 0 0
-391 -82 40 0 0
-390 -84 40 0 0
-390 -87 40 0 0
-389 -89 40 0 0
-389 -92 40 0 0
-388 -94 40 0 0
-388 -97 40 0 0
-387 -99 40 0 0
-386 -101 40 0 0
-386 -104 40 0 0
-385 -106 40 0 0
-384 -109 40 0 0
-384 -111 40 0 0
-383 -114 40 0 0
-382 -116 40 0 0
-381 -118 40 0 0
-381 -121 40 0 0
-380 -123 40 0 0
-379 -125 40 0 0
-378 -128 40 0 0
-378 -130 40 0 0
-377 -133 40 0 0
-376 -135 40 0 0
-375 -137 40 0 0
-374 -140 40 0 0
-373 -142 40 0 0
-372 -144 40 0 0
-371 -147 40 0 0
-370 -149 40 0 0
-370 -151 40 0 0
-369 -154 40 0 0
-368 -156 40 0 0
-367 -158 40 0 0
-366 -161 40 0 0
-365 -163 40 0 0
-364 -165 40 0 0
-362 -168 40 0 0
-361 -170 40 0 0
-360 -172 40 0 0
-359 -174 40 0 0
-358 -177 40 0 0
-357 -179 40 0 0
-356 -181 40 0 0
-355 -183 40 0 0
-354 -186 40 0 0
-352 -188 40 0 0
-351 -190 40 0 0
-350 -192 40 0 0
-349 -194 40 0 0
-348 -197 40 0 0
-346 -199 40 0 0
-345 -201 40 0 0
-344 -203 40 0 0
-343 -205 40 0 0
-341 -207 40 0 0
-340 -210 40 0 0
-339 -212 40 0 0
-337 -214 40 0 0
-336 -216 40 0 0
-335 -218 40 0 0
-333 -220 40 0 0
-332 -222 40 0 0
-330 -224 40 0 0
-329 -226 40 0 0
-327 -228 40 0 0
-326 -231 40 0 0
-325 -233 40 0 0
-323 -235 40 0 0
-322 -237 40 0 0
-320 -239 40 0 0
-319 -241 40 0 0
-317 -243 40 0 0
-316 -245 40 0 0
-314 -247 40 0 0
-312 -249 40 0 0
-311 -251 40 0 0
-309 -253 40 0 0
-308 -254 40 0 0
-306 -256 40 0 0
-304 -258 40 0 0
-303 -260 40 0 0
-301 -262 40 0 0
-300 -264 40 0 0
-298 -266 40 0 0
-296 -268 40 0 0
-295 -270 40 0 0
-293 -271 40 0 0
-291 -273 40 0 0
-289 -275 40 0 0
-288 -277 40 0 0
-286 -279 40 0 0
-284 -281 40 0 0
-282 -282 40 0 0
-281 -284 40 0 0
-279 -286 40 0 0
-277 -288 40 0 0
-275 -289 40 0 0
-273 -291 40 0 0
-271 -293 40 0 0
-270 -295 40 0 0
-268 -296 40 0 0
-266 -298 40 0 0
-264 -300 40 0 0
-262 -301 40 0 0
-260 -303 40 0 0
-258 -304 40 0 0
-256 -306 40 0 0
-254 -308 40 0 0
-253 -309 40 0 0
-251 -311 40 0 0
-249 -312 40 0 0
-247 -314 40 0 0
-245 -316 40 0 0
-243 -317 40 0 0
-241 -319 40 0 0
-239 -320 40 0 0
-237 -322 40 0 0
-235 -323 40 0 0
-233 -325 40 0 0
-231 -326 40 0 0
-228 -327 40 0 0
-226 -329 40 0 0
-224 -330 40 0 0
-222 -332 40 0 0
-220 -333 40 0 0
-218 -335 40 0 0
-216 -336 40 0 0
-214 -337 40 0 0
-212 -339 40 0 0
-210 -340 40 0 0
-207 -341 40 0 0
-205 -343 40 0 0
-203 -344 40 0 0
-201 -345 40 0 0
-199 -346 40 0 0
-197 -348 40 0 0
-194 -349 40 0 0
-192 -350 40 0 0
-190 -351 40 0 0
-188 -352 40 0 0
-186 -354 40 0 0
-183 -355 40 0 0
-181 -356 40 0 0
-179 -357 40 0 0
-177 -358 40 0 0
-174 -359 40 0 0
-172 -360 40 0 0
-170 -361 40 0 0
-168 -362 40 0 0
-165 -364 40 0 0
-163 -365 40 0 0
-161 -366 40 0 0
-158 -367 40 0 0
-156 -368 40 0 0
-154 -369 40 0 0
-151 -370 40 0 0
-149 -370 40 0 0
-147 -371 40 0 0
-144 -372 40 0 0
-142 -373 40 0 0
-140 -374 40 0 0
-137 -375 40 0 0
-135 -376 40 0 0
-133 -377 40 0 0
-130 -378 40 0 0
-128 -378 40 0 0
-125 -379 40 0 0
-123 -380 40 0 0
-121 -381 40 0 0
-118 -381 40 0 0
-116 -382 40 0 0
-114 -383 40 0 0
-111 -384 40 0 0
-109 -384 40 0 0
-106 -385 40 0 0
-104 -386 40 0 0
-101 -386 40 0 0
-99 -387 40 0 0
-97 -388 40 0 0
-94 -388 40 0 0
-92 -389 40 0 0
-89 -389 40 0 0
-87 -390 40 0 0
-84 -390 40 0 0
-82 -391 40 0 0
-79 -391 40 0 0
-77 -392 40 0 0
-74 -392 40 0 0
-72 -393 40 0 0
-70 -393 40 0 0
-67 -394 40 0 0
-65 -394 40 0 0
-62 -395 40 0 0
-60 -395 40 0 0
-57 -395 40 0 0
-55 -396 40 0 0
-52 -396 40 0 0
-50 -396 40 0 0
-47 -397 40 0 0
-45 -397 40 0 0
-42 -397 40 0 0
-40 -397 40 0 0
-37 -398 40 0 0
-35 -398 40 0 0
-32 -398 40 0 0
-30 -398 40 0 0
-27 -399 40 0 0
-25 -399 40 0 0
-22 -399 40 0 0
-20 -399 40 0 0
-17 -399 40 0 0
-15 -399 40 0 0
-12 -399 40 0 0
-10 -399 40 0 0
-7 -399 40 0 0
-5 -399 40 0 0
-2 -399 40 0 0
0 -400 40 0 0
2 -399 40 0 0
5 -399 40 0 0
7 -399 40 0 0
10 -399 40 0 0
12 -399 40 0 0
15 -399 40 0 0
17 -399 40 0 0
20 -399 40 0 0
22 -399 40 0 0
25 -399 40 0 0
27 -399 40 0 0
30 -398 40 0 0
32 -398 40 0 0
35 -398 40 0 0
37 -398 40 0 0
40 -397 40 0 0
42 -397 40 0 0
45 -397 40 0 0
47 -397 40 0 0
50 -396 40 0 0
52 -396 40 0 0
55 -396 40 0 0
57 -395 40 0 0
60 -395 40 0 0
62 -395 40 0 0
65 -394 40 0 0
67 -394 40 0 0
70 -393 40 0 0
72 -393 40 0 0
74 -392 40 0 0
77 -392 40 0 0
79 -391 40 0 0
82 -391 40 0 0
84 -390 40 0 0
87 -390 40 0 0
89 -389 40 0 0
92 -389 40 0 0
94 -388 40 0 0
97 -388 40 0 0
99 -387 40 0 0
101 -386 40 0 0
104 -386 40 0 0
106 -385 40 0 0
109 -384 40 0 0
111 -384 40 0 0
114 -383 40 0 0
116 -382 40 0 0
118 -381 40 0 0
121 -381 40 0 0
123 -380 40 0 0
125 -379 40 0 0
128 -378 40 0 0
130 -378 40 0 0
133 -377 40 0 0
135 -376 40 0 0
137 -375 40 0 0
140 -374 40 0 0
142 -373 40 0 0
144 -372 40 0 0
147 -371 40 0 0
149 -370 40 0 0
151 -370 40 0 0
154 -369 40 0 0
156 -368 40 0 0
158 -367 40 0 0
161 -366 40 0 0
163 -365 40 0 0
165 -364 40 0 0
168 -362 40 0 0
170 -361 40 0 0
172 -360 40 0 0
174 -359 40 0 0
177 -358 40 0 0
179 -357 40 0 0
181 -356 40 0 0
183 -355 40 0 0
186 -354 40 0 0
188 -352 40 0 0
190 -351 40 0 0
192 -350 40 0 0
194 -349 40 0 0
197 -348 40 0 0
199 -346 40 0 0
201 -345 40 0 0
203 -344 40 0 0
205 -343 40 0 0
207 -341 40 0 0
210 -340 40 0 0
212 -339 40 0 0
214 -337 40 0 0
216 -336 40 0 0
218 -335 40 0 0
220 -333 40 0 0
222 -332 40 0 0
224 -330 40 0 0
226 -329 40 0 0
228 -327 40 0 0
231 -326 40 0 0
233 -325 40 0 0
235 -323 40 0 0
237 -322 40 0 0
239 -320 40 0 0
241 -319 40 0 0
243 -317 40 0 0
245 -316 40 0 0
247 -314 40 0 0
249 -312 40 0 0
251 -311 40 0 0
253 -309 40 0 0
254 -308 40 0 0
256 -306 40 0 0
258 -304 40 0 0
260 -303 40 0 0
262 -301 40 0 0
264 -300 40 0 0
266 -298 40 0 0
268 -296 40 0 0
270 -295 40 0 0
271 -293 40 0 0
273 -291 40 0 0
275 -289 40 0 0
277 -288 40 0 0
279 -286 40 0 0
281 -284 40 0 0
282 -282 40 0 0
284 -281 40 0 0
286 -279 40 0 0
288 -277 40 0 0
289 -275 40 0 0
291 -273 40 0 0
293 -271 40 0 0
295 -270 40 0 0
296 -268 40 0 0
298 -266 40 0 0
300 -264 40 0 0
301 -262 40 0 0
303 -260 40 0 0
304 -258 40 0 0
306 -256 40 0 0
308 -254 40 0 0
309 -253 40 0 0
311 -251 40 0 0
312 -249 40 0 0
314 -247 40 0 0
316 -245 40 0 0
317 -243 40 0 0
319 -241 40 0 0
320 -239 40 0 0
322 -237 40 0 0
323 -235 40 0 0
325 -233 40 0 0
326 -231 40 0 0
327 -228 40 0 0
329 -226 40 0 0
330 -224 40 0 0
332 -222 40 0 0
333 -220 40 0 0
335 -218 40 0 0
336 -216 40 0 0
337 -214 40 0 0
339 -212 40 0 0
340 -210 40 0 0
341 -207 40 0 0
343 -205 40 0 0
344 -203 40 0 0
345 -201 40 0 0
346 -199 40 0 0
348 -197 40 0 0
349 -194 40 0 0
350 -192 40 0 0
351 -190 40 0 0
352 -188 40 0 0
354 -186 40 0 0
355 -183 40 0 0
356 -181 40 0 0
357 -179 40 0 0
358 -177 40 0 0
359 -174 40 0 0
360 -172 40 0 0
361 -170 40 0 0
362 -168 40 0 0
364 -165 40 0 0
365 -163 40 0 0
366 -161 40 0 0
367 -158 40 0 0
368 -156 40 0 0
369 -154 40 0 0
370 -151 40 0 0
370 -149 40 0 0
371 -147 40 0 0
372 -144 40 0 0
373 -142 40 0 0
374 -140 40 0 0
375 -137 40 0 0
376 -135 40 0 0
377 -133 40 0 0
378 -130 40 0 0
378 -128 40 0 0
379 -125 40 0 0
380 -123 40 0 0
381 -121 40 0 0
381 -118 40 0 0
382 -116 40 0 0
383 -114 40 0 0
384 -111 40 0 0
384 -109 40 0 0
385 -106 40 0 0
386 -104 40 0 0
386 -101 40 0 0
387 -99 40 0 0
388 -97 40 0 0
388 -94 40 0 0
389 -92 40 0 0
389 -89 40 0 0
390 -87 40 0 0
390 -84 40 0 0
391 -82 40 0 0
391 -79 40 0 0
392 -77 40 0 0
392 -74 40 0 0
393 -72 40 0 0
393 -70 40 0 0
394 -67 40 0 0
394 -65 40 0 0
395 -62 40 0 0
395 -60 40 0 0
395 -57 40 0 0
396 -55 40 0 0
396 -52 40 0 0
396 -50 40 0 0
397 -47 40 0 0
397 -45 40 0 0
397 -42 40 0 0
397 -40 40 0 0
398 -37 40 0 0
398 -35 40 0 0
398 -32 40 0 0
398 -30 40 0 0
399 -27 40 0 0
399 -25 40 0 0
399 -22 40 0 0
399 -20 40 0 0
399 -17 40 0 0
399 -15 40 0 0
399 -12 40 0 0
399 -10 40 0 0
399 -7 40 0 0
399 -5 40 0 0
399 -2 40 0 0