-200 -200 45 0 0
500 400 62 0 0
500 400 73 0 0
140 203 38 0 0
-693 -44 56 0 0
-517 -7 29 0 0
-46 237 67 0 0
-639 429 41 0 0
-310 -21 54 0 0
413 273 72 0 0
447 -159 33 0 0
-395 -26 58 0 0
235 459 46 0 0
-674 190 71 0 0
-586 412 35 0 0
-525 -163 59 0 0
325 -297 28 0 0
-500 -264 64 0 0
454 -46 42 0 0
129 224 53 0 0
347 -52 69 0 0
-510 443 31 0 0
552 -213 57 0 0
132 206 75 0 0
397 461 36 0 0
-554 423 61 0 0
-227 -205 44 0 0
321 491 52 0 0
-216 -82 68 0 0
-223 208 37 0 0
140 203 55 0 0
-693 -44 73 0 0
-517 -7 32 0 0
-46 237 59 0 0
-639 429 47 0 0
-310 -21 66 0 0
413 273 34 0 0
447 -159 58 0 0
-395 -26 71 0 0
-52 133 43 0 0
600 -168 56 0 0
353 -154 29 0 0
-290 461 64 0 0
10 65 38 0 0
496 131 72 0 0
513 -166 45 0 0
-179 -187 61 0 0
0 0 53 0 0
302 163 69 0 0
457 144 31 0 0
-566 183 57 0 0
-399 117 74 0 0
366 -160 36 0 0
363 -14 62 0 0
-325 -145 48 0 0
-58 206 54 0 0
600 -252 67 0 0
149 48 39 0 0
19 -262 71 0 0
-538 237 33 0 0
203 165 59 0 0
72 -109 46 0 0
-193 -292 65 0 0
-505 40 41 0 0
210 17 58 0 0
-545 322 73 0 0
-474 253 35 0 0
-20 -294 61 0 0
225 426 49 0 0
-226 278 67 0 0
259 303 32 0 0
-304 390 58 0 0
-526 -282 75 0 0
-673 195 37 0 0
-238 -143 63 0 0
-419 27 44 0 0
51 193 56 0 0
-384 204 71 0 0
498 188 34 0 0
-385 67 59 0 0
-279 370 47 0 0
-16 -122 66 0 0
207 275 42 0 0
-523 101 55 0 0
431 484 73 0 0
475 344 38 0 0
-669 323 62 0 0
376 -87 48 0 0
-674 452 54 0 0
-74 25 69 0 0
576 -240 31 0 0
-53 283 57 0 0
-264 120 74 0 0
558 44 36 0 0
527 178 61 0 0
297 369 43 0 0
5 319 56 0 0
-43 398 72 0 0
-517 468 39 0 0
-492 429 65 0 0
376 407 41 0 0
-290 10 58 0 0
541 288 73 0 0
79 -139 35 0 0
214 313 62 0 0
38 270 49 0 0
-342 187 67 0 0
289 -156 32 0 0
-518 294 58 0 0
175 -89 75 0 0
-697 -34 37 0 0
422 358 63 0 0
-261 -177 44 0 0
534 76 56 0 0
-148 467 71 0 0
639 -298 34 0 0
-387 125 59 0 0
92 -241 47 0 0
-576 339 66 0 0
248 -412 42 0 0
-165 283 55 0 0
451 -67 73 0 0
-729 158 38 0 0
316 -324 62 0 0
-94 476 48 0 0
587 -185 54 0 0
-433 -268 69 0 0
127 397 31 0 0
-652 -93 57 0 0
398 214 74 0 0
-217 -356 36 0 0
564 129 61 0 0
-346 461 43 0 0
185 -272 56 0 0
-698 87 72 0 0
419 -338 39 0 0
-521 256 65 0 0
73 -164 41 0 0
-289 385 58 0 0
612 -97 73 0 0
-147 -419 35 0 0
368 278 62 0 0
-556 -201 49 0 0
234 432 67 0 0
-675 -126 32 0 0
491 159 58 0 0
-318 -347 75 0 0
825 264 37 0 0
-192 -78 63 0 0
467 371 44 0 0
-631 -235 56 0 0
128 -298 71 0 0
-549 183 34 0 0
376 -157 59 0 0
-264 456 47 0 0
593 -89 66 0 0
-417 -326 42 0 0
155 294 55 0 0
-682 -148 73 0 0
329 -278 38 0 0
-76 463 62 0 0
548 -192 48 0 0
-395 267 54 0 0
217 -341 69 0 0
-658 128 31 0 0
481 -86 57 0 0
-243 387 74 0 0
624 -259 36 0 0
-167 -314 61 0 0
356 245 43 0 0
-519 -173 56 0 0
289 -397 72 0 0
-91 467 39 0 0
567 -125 65 0 0
-428 298 41 0 0
134 -368 58 0 0
-695 189 73 0 0
463 -247 35 0 0
-312 -156 62 0 0
78 423 49 0 0
-584 -289 67 0 0
241 327 32 0 0
-149 -198 58 0 0
526 -374 75 0 0
-667 265 37 0 0
385 -83 63 0 0
-278 -427 44 0 0
619 156 56 0 0
-436 -291 71 0 -3
197 368 34 0 -3
-562 -124 59 0 -3
329 -249 47 0 -3
-85 451 66 0 -3
578 -187 42 0 -3
-394 297 55 0 -3
146 -339 73 0 -3
-713 -76 38 0 -3
452 418 62 0 -3
-268 -215 48 0 -3
635 -163 54 0 -3
-517 284 69 0 -3
323 -397 31 0 -3
-139 -268 57 0 -3
584 345 74 0 -3
-651 -192 36 0 -3
472 -127 61 0 -3
-295 459 43 0 -3
128 -314 56 0 -3
-738 -85 72 0 -3
361 238 39 0 -3
-426 -356 65 0 -3
585 -149 41 0 -3
-193 467 58 0 -3
649 -278 73 0 -3
-467 195 35 0 -3
254 -341 62 0 -3
-572 -126 49 0 -3
389 374 67 0 -3
-147 -253 32 0 -3
538 -197 58 0 -3
-684 267 75 0 -3
416 -389 37 0 -3
-329 -164 63 0 -3
673 158 44 0 -3
-546 -297 56 0 -3
285 425 71 0 -3
-91 -238 34 0 -3
567 -175 59 0 -3
-445 348 47 0 -3
172 -416 66 0 -3
-628 -127 42 0 -3
354 -289 55 0 -3
-216 453 73 0 -3
591 -184 38 0 -3
-373 -326 62 0 -3
429 267 48 0 -3
-685 -93 54 0 -3
148 -367 69 0 -3
-551 218 31 0 -3
336 -255 57 0 -3
-179 -418 74 0 -3
594 345 36 0 -3
-412 -176 61 0 -3
227 -297 43 0 -3
-669 156 56 0 -3
485 -228 72 0 -3
-244 461 39 0 -3
618 -135 65 0 -3
-387 -284 41 0 -3
173 -359 58 0 -3
-734 247 73 0 -3
526 -191 35 0 -3
-295 -468 62 0 -3
659 128 49 0 -3
-423 -246 67 0 -3
348 -317 32 0 -3
-157 453 58 0 -3
574 -184 75 0 -3
-641 -289 37 0 -3
189 365 63 0 -3
-528 -174 44 0 -3
437 -258 56 0 -3
-316 -427 71 0 -3
682 157 34 0 -3
-195 -363 59 0 -3
569 248 47 0 -3
-458 -195 66 0 -3
274 -441 42 0 -3
-687 269 55 0 -3
431 -126 73 0 -3
-349 -298 38 0 -3
618 -217 62 0 -3
-476 394 48 0 -3
245 -183 54 0 -3
-592 -355 69 0 -3
387 467 31 0 -3
-168 -264 57 0 -3
529 -397 74 0 -3
-655 218 36 0 -3
294 -145 61 0 -3
-431 -318 43 0 -3
673 -187 56 0 -3
-518 345 72 0 -3
139 -276 39 0 -3
-746 -163 65 0 -3
462 -429 41 0 -3
-327 254 58 0 -3
584 -198 73 0 -3
-213 -467 35 0 -3
641 -285 62 0 -3
-489 156 49 0 -3
368 -327 67 0 -3
-125 -414 32 0 -3
556 248 58 0 -3
-672 -179 75 0 -3
423 -365 37 0 -3
-291 -246 63 0 -3
618 437 44 0 -3
-547 -158 56 0 -3
235 -298 71 0 -3
-684 267 34 0 -3
374 -427 59 0 -3
-496 -135 47 0 -3
627 -279 66 0 -3
-165 453 42 0 -3
-729 -194 55 0 -3
481 -346 73 0 -3
-358 -267 38 0 -3
592 158 62 0 -3
-417 -385 48 0 -3
246 -176 54 0 -3
-633 467 69 0 -3
389 -249 31 0 -3
-174 -328 57 0 -3
567 -195 74 0 -3
-445 294 36 0 -3
128 -416 61 0 -3
-691 -157 43 0 -3
483 -278 56 0 0
-352 345 72 0 0
217 -367 39 0 0
-568 -228 65 0 1
634 -149 41 0 1
-426 -295 58 0 1
379 467 73 0 1
-185 -184 35 0 1
551 -326 62 0 1
-697 248 49 0 1
468 -197 67 0 1
-243 -438 32 0 1
629 -165 58 0 1
-387 -284 75 0 1
146 456 37 0 1
-572 -176 63 0 1
495 -327 44 0 1
-314 -248 56 0 1
683 -159 71 0 1
-451 467 34 0 1
268 -295 59 0 1
-638 -136 47 0 1
529 -367 66 0 1
-196 -458 42 0 1
674 247 55 0 1
-423 -188 73 0 1
351 -319 38 0 1
-557 -276 62 0 1
418 345 48 0 1
-275 -427 54 0 1
592 -158 69 0 1
-649 -269 31 0 1
187 -396 57 0 1
-734 267 74 0 1
523 -149 36 0 1
-368 -285 61 0 1
649 -217 43 0 1
-412 467 56 0 1
295 -178 72 0 1
-581 -346 39 0 1
434 -267 65 0 1
-167 -458 41 0 -1
0 0 10000 0 1
-200 -200 45 0 -1
500 400 62 0 1
500 400 73 0 1
140 203 38 0 1
-693 -44 56 0 1
-517 -7 29 0 1
-46 237 67 0 1
-639 429 41 0 1
-310 -21 54 0 1
413 273 72 0 1
447 -159 33 0 1
-395 -26 58 0 1
235 459 46 0 1
-674 190 71 0 1
-586 412 35 0 1
-525 -163 59 0 -1
325 -297 28 0 1
-500 -264 64 0 -1
454 -46 42 0 1
129 224 53 0 1
347 -52 69 0 1
-510 443 31 0 1
552 -213 57 0 1
132 206 75 0 1
397 461 36 0 1
-554 423 61 0 1
-227 -205 44 0 -1
321 491 52 0 1
-216 -82 68 0 1
-223 208 37 0 1
140 203 55 0 1
-693 -44 73 0 1
-517 -7 32 0 1
-46 237 59 0 1
-639 429 47 0 1
-310 -21 66 0 1
413 273 34 0 1
447 -159 58 0 1
-395 -26 71 0 1
-52 133 43 0 1
600 -168 56 0 1
353 -154 29 0 1
-290 461 64 0 1
10 65 38 0 1
496 131 72 0 1
513 -166 45 0 1
-179 -187 61 0 -1
0 0 53 0 1
302 163 69 0 1
457 144 31 0 1
-566 183 57 0 1
-399 117 74 0 1
366 -160 36 0 1
363 -14 62 0 1
-325 -145 48 0 -1
-58 206 54 0 1
600 -252 67 0 1
149 48 39 0 1
19 -262 71 0 1
-538 237 33 0 1
203 165 59 0 1
72 -109 46 0 1
-193 -292 65 0 -1
-505 40 41 0 1
210 17 58 0 1
-545 322 73 0 1
-474 253 35 0 1
-20 -294 61 0 1
225 426 49 0 1
-226 278 67 0 1
259 303 32 0 1
-304 390 58 0 1
-526 -282 75 0 -1
-673 195 37 0 1
-238 -143 63 0 -1
-419 27 44 0 1
51 193 56 0 1
-384 204 71 0 1
498 188 34 0 1
-385 67 59 0 1
-279 370 47 0 1
-16 -122 66 0 1
207 275 42 0 1
-523 101 55 0 1
431 484 73 0 1
475 344 38 0 1
-669 323 62 0 1
376 -87 48 0 1
-674 452 54 0 1
-74 25 69 0 1
576 -240 31 0 1
-53 283 57 0 1
-264 120 74 0 1
558 44 36 0 1
527 178 61 0 1
297 369 43 0 1
5 319 56 0 1
-43 398 72 0 1
-517 468 39 0 1
-492 429 65 0 1
376 407 41 0 1
-290 10 58 0 1
541 288 73 0 1
79 -139 35 0 1
214 313 62 0 1
38 270 49 0 1
-342 187 67 0 1
289 -156 32 0 1
-518 294 58 0 1
175 -89 75 0 1
-697 -34 37 0 1
422 358 63 0 1
-261 -177 44 0 -1
534 76 56 0 1
-148 467 71 0 1
639 -298 34 0 1
-387 125 59 0 1
92 -241 47 0 1
-576 339 66 0 1
248 -412 42 0 1
-165 283 55 0 1
451 -67 73 0 1
-729 158 38 0 1
316 -324 62 0 1
-94 476 48 0 1
587 -185 54 0 1
-433 -268 69 0 -1
127 397 31 0 1
-652 -93 57 0 1
398 214 74 0 1
-217 -356 36 0 -1