400 0 77 2 -1
399 2 53 -3 -1
399 5 27 2 -1
399 7 66 -1 -3
399 10 59 2 -3
399 12 78 3 -2
399 15 24 0 2
399 17 66 3 -3
399 20 58 0 -3
399 22 51 -2 3
399 25 36 1 0
399 27 78 0 3
398 30 68 -2 1
398 32 67 0 3
398 35 41 -1 2
398 37 50 3 2
397 40 68 -1 3
397 42 25 3 2
397 45 67 0 1
397 47 26 -3 -2
396 50 51 1 -3
396 52 25 -2 -2
396 55 36 -1 1
395 57 36 -3 3
395 60 71 2 -2
395 62 27 2 0
394 65 69 -3 0
394 67 44 2 -3
393 70 27 2 0
393 72 32 -3 0
392 74 53 -3 2
392 77 23 3 -1
391 79 79 1 -2
391 82 63 0 -2
390 84 30 2 0
390 87 68 0 -3
389 89 58 -2 2
389 92 42 1 0
388 94 40 -3 1
388 97 41 0 3
387 99 43 -2 2
386 101 68 0 3
386 104 77 2 0
385 106 69 3 -3
384 109 76 2 -3
384 111 41 0 0
383 114 27 -1 1
382 116 34 0 -1
381 118 64 -3 -1
381 121 39 -3 -1
380 123 78 -3 1
379 125 40 1 -1
378 128 55 -3 0
378 130 66 0 -2
377 133 70 -2 1
376 135 64 2 -1
375 137 55 -1 0
374 140 46 2 0
373 142 56 -1 2
372 144 27 2 3
371 147 49 -2 2
370 149 73 3 -3
370 151 43 1 1
369 154 70 0 2
368 156 29 1 -2
367 158 52 -1 2
366 161 33 -3 3
365 163 34 -2 -3
364 165 31 2 1
362 168 20 -2 1
361 170 36 3 -2
360 172 67 -3 -2
359 174 61 0 3
358 177 64 -2 3
357 179 23 -3 3
356 181 74 -3 1
355 183 22 3 -2
354 186 60 -3 -2
352 188 77 -2 1
351 190 61 3 3
350 192 76 0 -3
349 194 54 -1 0
348 197 44 0 -2
346 199 36 1 3
345 201 64 -1 0
344 203 26 3 -1
343 205 33 -1 2
341 207 32 -2 -3
340 210 33 -3 1
339 212 20 -3 3
337 214 32 -3 3
336 216 61 0 -1
335 218 60 0 2
333 220 69 3 -3
332 222 48 1 -1
330 224 58 -3 -3
329 226 49 -1 1
327 228 30 -1 -3
326 231 72 0 2
325 233 77 1 -2
323 235 62 1 -3
322 237 29 2 2
320 239 70 -3 -1
319 241 52 0 1
317 243 71 1 3
316 245 42 -3 -2
314 247 63 1 2
312 249 23 2 -2
311 251 77 -1 1
309 253 76 0 -3
308 254 77 3 1
306 256 51 -1 -1
304 258 34 -2 -3
303 260 52 1 0
301 262 21 2 0
300 264 50 -1 2
298 266 40 -3 1
296 268 35 0 3
295 270 67 0 1
293 271 33 3 2
291 273 20 -3 3
289 275 36 0 1
288 277 41 -3 -2
286 279 59 0 -3
284 281 78 0 1
282 282 42 -2 2
281 284 72 2 -3
279 286 68 0 -1
277 288 80 1 1
275 289 36 -3 0
273 291 41 -3 2
271 293 52 -3 -1
270 295 51 2 -1
268 296 75 -3 -2
266 298 65 1 3
264 300 62 -2 -3
262 301 64 3 -3
260 303 30 2 -1
258 304 43 2 -2
256 306 44 -2 2
254 308 46 -1 0
253 309 43 -2 2
251 311 46 -3 0
249 312 78 -3 0
247 314 43 -3 -2
245 316 32 2 0
243 317 63 -2 0
241 319 70 2 0
239 320 22 -3 -2
237 322 66 2 3
235 323 46 1 -1
233 325 44 3 3
231 326 43 -1 3
228 327 28 0 1
226 329 46 0 -2
224 330 65 3 -1
222 332 33 1 -3
220 333 32 0 0
218 335 80 3 -3
216 336 42 2 3
214 337 74 -3 -3
212 339 57 2 1
210 340 32 -3 1
207 341 20 1 1
205 343 34 2 0
203 344 21 1 2
201 345 46 -2 -2
199 346 31 -2 -1
197 348 28 -3 3
194 349 51 2 -3
192 350 20 2 0
190 351 54 3 3
188 352 51 0 -2
186 354 28 2 -2
183 355 59 -2 0
181 356 59 0 0
179 357 69 2 2
177 358 64 -1 -3
174 359 27 2 3
172 360 57 1 3
170 361 27 -3 -2
168 362 79 1 3
165 364 32 -2 0
163 365 66 2 0
161 366 23 -1 -3
158 367 62 2 -1
156 368 31 -2 -1
154 369 32 0 -3
151 370 48 1 2
149 370 30 -3 3
147 371 45 -3 -3
144 372 75 1 0
142 373 27 -2 -3
140 374 56 0 0
137 375 68 1 -1
135 376 66 0 -1
133 377 36 0 2
130 378 60 -1 0
128 378 56 -1 1
125 379 51 1 -2
123 380 41 1 -1
121 381 34 -3 -2
118 381 29 -2 1
116 382 26 1 -1
114 383 66 0 -1
111 384 51 -3 1
109 384 76 -1 2
106 385 22 -2 -1
104 386 41 -3 2
101 386 72 3 -1
99 387 48 0 -3
97 388 46 -3 -3
94 388 33 -1 -3
92 389 79 1 3
89 389 34 -1 3
87 390 72 -2 2
84 390 69 -3 -3
82 391 30 1 -2
79 391 64 -2 2
77 392 46 2 -3
74 392 75 2 1
72 393 55 -1 -1
70 393 55 3 0
67 394 75 -2 3
65 394 47 -2 -2
62 395 37 0 -3
60 395 24 1 -2
57 395 21 -1 -2
55 396 62 3 2
52 396 76 0 0
50 396 37 -3 2
47 397 40 2 3
45 397 80 0 -2
42 397 54 -2 3
40 397 50 3 -2
37 398 75 1 -1
35 398 30 3 2
32 398 39 3 -1
30 398 35 -1 -1
27 399 29 2 -1
25 399 60 -2 -1
22 399 69 3 -2
20 399 39 -1 0
17 399 59 -3 -2
15 399 70 3 -2
12 399 46 0 3
10 399 76 1 2
7 399 58 -1 -1
5 399 71 -1 -3
2 399 73 1 3
0 400 53 -2 -1
-2 399 31 -2 2
-5 399 44 3 -1
-7 399 68 0 2
-10 399 31 -2 -1
-12 399 47 -1 2
-15 399 53 1 3
-17 399 46 1 -2
-20 399 67 -1 -1
-22 399 80 1 2
-25 399 68 -3 -1
-27 399 73 -3 1
-30 398 72 0 -2
-32 398 49 0 -2
-35 398 53 1 2
-37 398 57 -1 -1
-40 397 35 -3 -3
-42 397 77 0 3
-45 397 40 1 1
-47 397 36 3 3
-50 396 21 1 2
-52 396 35 -2 -2
-55 396 39 1 -3
-57 395 24 3 -3
-60 395 65 -2 -2
-62 395 36 -3 -2
-65 394 68 0 -2
-67 394 57 -1 -1
-70 393 34 -1 -3
-72 393 55 2 2
-74 392 47 -2 1
-77 392 69 -3 0
-79 391 25 -2 -3
-82 391 23 3 -2
-84 390 62 -3 -1
-87 390 26 0 -3
-89 389 49 2 -2
-92 389 23 2 0
-94 388 76 -2 0
-97 388 43 3 -1
-99 387 25 -2 -2
-101 386 37 -1 -2
-104 386 63 -1 3
-106 385 20 3 3
-109 384 78 -1 -2
-111 384 34 -2 1
-114 383 49 -3 -2
-116 382 21 2 -1
-118 381 50 3 -2
-121 381 28 3 3
-123 380 43 3 -1
-125 379 41 -2 0
-128 378 34 -2 -1
-130 378 59 2 2
-133 377 54 2 -1
-135 376 31 -3 3
-137 375 71 -2 -1
-140 374 60 2 -1
-142 373 77 3 -2
-144 372 25 0 0
-147 371 60 2 3
-149 370 43 1 1
-151 370 38 1 -2
-154 369 35 -3 -2
-156 368 74 1 3
-158 367 44 -2 -3
-161 366 22 2 2
-163 365 25 0 -3
-165 364 63 -2 1
-168 362 63 2 1
-170 361 42 -1 0
-172 360 36 0 2
-174 359 55 0 0
-177 358 52 -1 -2
-179 357 74 -1 -3
-181 356 58 1 -2
-183 355 20 -1 2
-186 354 50 3 -1
-188 352 50 -1 -3
-190 351 58 2 0
-192 350 64 -2 0
-194 349 39 3 1
-197 348 53 1 -1
-199 346 32 0 2
-201 345 72 2 -2
-203 344 79 -3 3
-205 343 43 0 0
-207 341 59 2 -1
-210 340 74 1 0
-212 339 22 -3 -1
-214 337 53 -3 0
-216 336 65 1 3
-218 335 57 0 3
-220 333 78 1 3
-222 332 80 1 -3
-224 330 38 -2 3
-226 329 29 -1 2
-228 327 29 -1 -2
-231 326 37 0 1
-233 325 46 -3 2
-235 323 57 1 -1
-237 322 80 -1 -1
-239 320 72 -1 -2
-241 319 80 2 -1
-243 317 77 3 1
-245 316 66 3 -3
-247 314 68 1 -3
-249 312 32 -1 0
-251 311 42 -1 0
-253 309 63 -1 -1
-254 308 38 3 1
-256 306 28 3 -3
-258 304 49 -2 -3
-260 303 34 -1 3
-262 301 71 1 -1
-264 300 36 2 0
-266 298 51 3 1
-268 296 73 3 1
-270 295 54 1 -3
-271 293 36 1 3
-273 291 33 2 -2
-275 289 66 3 -3
-277 288 39 0 -1
-279 286 45 -1 0
-281 284 39 0 -2
-282 282 31 -2 -2
-284 281 48 -3 1
-286 279 66 -2 3
-288 277 39 1 1
-289 275 75 -2 2
-291 273 28 1 1
-293 271 38 0 0
-295 270 43 -3 0
-296 268 64 -3 -3
-298 266 39 -3 -3
-300 264 28 -3 2
-301 262 28 1 0
-303 260 21 -2 1
-304 258 37 2 2
-306 256 48 2 3
-308 254 33 -1 -2
-309 253 73 0 0
-311 251 64 1 3
-312 249 36 1 3
-314 247 66 -3 -3
-316 245 40 0 -1
-317 243 21 3 3
-319 241 57 3 -1
-320 239 60 3 -3
-322 237 33 1 -2
-323 235 66 1 0
-325 233 47 -3 -1
-326 231 25 -1 -2
-327 228 34 2 2
-329 226 39 -3 -1
-330 224 57 2 -2
-332 222 32 -2 -3
-333 220 32 -1 2
-335 218 32 1 1
-336 216 43 -2 -3
-337 214 54 3 -2
-339 212 71 -2 2
-340 210 80 -1 -2
-341 207 51 0 -1
-343 205 76 2 -1
-344 203 52 -3 -3
-345 201 24 -3 -2
-346 199 66 0 -1
-348 197 39 -3 2
-349 194 32 0 -2
-350 192 54 2 -1
-351 190 50 -1 -3
-352 188 73 1 2
-354 186 42 3 0
-355 183 54 1 -2
-356 181 35 0 3
-357 179 21 0 -1
-358 177 29 2 -2
-359 174 29 -1 -3
-360 172 26 1 1
-361 170 44 3 -3
-362 168 51 2 -3
-364 165 41 1 3
-365 163 79 2 -2
-366 161 38 0 -2
-367 158 49 0 1
-368 156 73 2 3
-369 154 67 -3 2
-370 151 60 1 0
-370 149 51 -1 3
-371 147 24 2 -3
-372 144 65 3 1
-373 142 56 1 0
-374 140 51 1 -1
-375 137 34 -1 1
-376 135 35 -1 -2
-377 133 78 -2 -2
-378 130 28 3 2
-378 128 72 -2 2
-379 125 61 -2 1
-380 123 40 -2 3
-381 121 50 1 -3
-381 118 36 -2 0
-382 116 40 3 -1
-383 114 45 -2 0
-384 111 60 -2 0
-384 109 44 -2 -2
-385 106 50 3 2
-386 104 22 -3 -2
-386 101 60 3 3
-387 99 44 3 3
-388 97 30 3 -1
-388 94 61 0 -3
-389 92 32 2 0
-389 89 25 -1 3
-390 87 50 3 -3
-390 84 64 -2 2
-391 82 66 -3 0
-391 79 51 2 -1
-392 77 23 3 -3
-392 74 32 3 2
-393 72 54 1 1
-393 70 38 -1 -1
-394 67 72 2 3
-394 65 26 -1 1
-395 62 38 1 -2
-395 60 41 3 0
-395 57 76 -2 1
-396 55 32 -3 -3
-396 52 75 -1 3
-396 50 41 3 -2
-397 47 27 0 -1
-397 45 55 -2 1
-397 42 64 3 1
-397 40 80 -1 -1
-398 37 80 -1 2
-398 35 69 2 0
-398 32 63 -2 -1
-398 30 46 0 -1
-399 27 34 3 -1
-399 25 60 -1 -1
-399 22 59 -3 -1
-399 20 61 -1 1
-399 17 31 1 3
-399 15 64 0 3
-399 12 22 -1 0
-399 10 67 0 1
-399 7 23 -2 0
-399 5 34 3 2
-399 2 34 -2 3
-400 0 40 -2 3
-399 -2 46 -2 -2
-399 -5 68 -1 3
-399 -7 30 3 2
-399 -10 78 2 -1
-399 -12 46 -1 0
-399 -15 66 3 -1
-399 -17 33 0 -2
-399 -20 76 0 0
-399 -22 43 -3 3
-399 -25 55 -1 -3
-399 -27 35 0 -3
-398 -30 63 3 -2
-398 -32 27 0 1
-398 -35 66 3 -2
-398 -37 25 1 -2
-397 -40 24 -1 1
-397 -42 35 3 0
-397 -45 71 -1 -2
-397 -47 23 -2 2
-396 -50 61 2 -1
-396 -52 37 3 1
-396 -55 71 3 0
-395 -57 67 -2 3
-395 -60 48 -2 -2
-395 -62 43 -3 3
-394 -65 43 -3 3
-394 -67 40 2 3
-393 -70 62 0 3
-393 -72 68 2 2
-392 -74 78 1 1
-392 -77 74 -2 3
-391 -79 44 -1 3
-391 -82 50 -2 -1
-390 -84 40 0 -3
-390 -87 31 -2 1
-389 -89 69 -1 0
-389 -92 43 3 1
-388 -94 68 1 1
-388 -97 40 -1 1
-387 -99 43 0 3
-386 -101 43 1 -3
-386 -104 72 0 -2
-385 -106 57 3 -1
-384 -109 31 0 1
-384 -111 36 -3 0
-383 -114 73 -1 2
-382 -116 47 -3 0
-381 -118 59 3 0
-381 -121 79 0 0
-380 -123 79 -1 1
-379 -125 28 2 3
-378 -128 45 2 -1
-378 -130 58 -2 -3
-377 -133 45 -1 3
-376 -135 62 0 0
-375 -137 40 2 1
-374 -140 41 1 -1
-373 -142 43 -3 -1
-372 -144 45 -2 -2
-371 -147 49 0 -3
-370 -149 63 1 3
-370 -151 61 3 3
-369 -154 29 0 -3
-368 -156 23 3 -3
-367 -158 74 -2 2
-366 -161 61 1 -1
-365 -163 46 3 0
-364 -165 56 1 3
-362 -168 78 2 -2
-361 -170 46 -3 2
-360 -172 30 2 -2
-359 -174 60 1 3
-358 -177 54 2 3
-357 -179 67 1 -1
-356 -181 51 3 0
-355 -183 35 3 2
-354 -186 45 -2 -1
-352 -188 63 -2 -1
-351 -190 53 -3 0
-350 -192 35 -2 2
-349 -194 59 3 -3
-348 -197 26 -3 1
-346 -199 78 -1 3
-345 -201 21 3 -3
-344 -203 76 0 3
-343 -205 42 3 1
-341 -207 77 3 -1
-340 -210 56 2 -3
-339 -212 70 3 3
-337 -214 58 -2 3
-336 -216 38 0 -3
-335 -218 27 1 2
-333 -220 66 0 2
-332 -222 75 -2 -1
-330 -224 68 2 -2
-329 -226 53 0 -2
-327 -228 45 2 0
-326 -231 44 0 -2
-325 -233 27 1 -1
-323 -235 42 -1 2
-322 -237 62 3 0
-320 -239 55 -2 -3
-319 -241 59 0 -2
-317 -243 73 3 -2
-316 -245 47 -2 3
-314 -247 43 2 1
-312 -249 69 -2 1
-311 -251 72 -1 -2
-309 -253 78 2 -3
-308 -254 50 1 3
-306 -256 64 -1 -2
-304 -258 72 2 1
-303 -260 68 -2 -3
-301 -262 73 -2 1
-300 -264 48 2 0
-298 -266 59 0 0
-296 -268 73 3 0
-295 -270 64 -2 -1
-293 -271 46 -3 3
-291 -273 65 0 -2
-289 -275 73 3 -1
-288 -277 57 -3 2
-286 -279 30 1 2
-284 -281 60 3 -1
-282 -282 77 -1 1
-281 -284 44 2 -2
-279 -286 43 3 1
-277 -288 53 3 -1
-275 -289 59 3 3
-273 -291 73 -2 2
-271 -293 34 0 2
-270 -295 65 1 -1
-268 -296 41 2 1
-266 -298 59 0 -2
-264 -300 40 1 -1
-262 -301 23 -1 -3
-260 -303 56 0 2
-258 -304 45 2 -2
-256 -306 38 -2 -3
-254 -308 78 -3 -3
-253 -309 62 0 2
-251 -311 25 -1 2
-249 -312 28 -2 -1
-247 -314 80 -1 0
-245 -316 68 0 0
-243 -317 44 -3 -2
-241 -319 68 2 -3
-239 -320 59 -2 1
-237 -322 77 -1 -1
-235 -323 59 -1 -2
-233 -325 46 -2 0
-231 -326 65 -2 0
-228 -327 73 1 -1
-226 -329 29 -3 -1
-224 -330 20 0 -3
-222 -332 41 3 3
-220 -333 47 2 3
-218 -335 75 1 -2
-216 -336 38 3 2
-214 -337 38 -1 -1
-212 -339 32 2 -1
-210 -340 32 -1 -3
-207 -341 57 1 -2
-205 -343 30 0 1
-203 -344 71 1 0
-201 -345 36 0 -2
-199 -346 65 1 2
-197 -348 76 -1 -2
-194 -349 29 -2 -3
-192 -350 66 1 2
-190 -351 65 3 -2
-188 -352 67 1 -3
-186 -354 63 1 3
-183 -355 24 -2 3
-181 -356 51 1 0
-179 -357 42 3 1
-177 -358 38 -1 2
-174 -359 53 1 0
-172 -360 36 -3 -1
-170 -361 46 -3 3
-168 -362 49 3 2
-165 -364 65 -3 3
-163 -365 33 3 -2
-161 -366 37 -3 -1
-158 -367 59 -3 3
-156 -368 63 0 -3
-154 -369 55 -3 -3
-151 -370 79 3 0
-149 -370 61 0 -3
-147 -371 42 0 2
-144 -372 24 1 -2
-142 -373 23 -3 1
-140 -374 28 -2 -3
-137 -375 50 0 2
-135 -376 56 -2 -3
-133 -377 64 -1 -2
-130 -378 33 -1 0
-128 -378 35 -3 3
-125 -379 77 3 -3
-123 -380 35 0 2
-121 -381 42 2 0
-118 -381 69 -1 -2
-116 -382 46 -2 3
-114 -383 65 -3 3
-111 -384 27 -1 3
-109 -384 73 -3 1
-106 -385 54 -2 0
-104 -386 29 3 -2
-101 -386 55 2 0
-99 -387 60 0 1
-97 -388 76 -3 3
-94 -388 30 -1 2
-92 -389 67 -3 -3
-89 -389 50 -3 2
-87 -390 37 2 3
-84 -390 63 -1 2
-82 -391 56 -3 1
-79 -391 53 -2 1
-77 -392 47 2 3
-74 -392 78 3 -3
-72 -393 74 -3 3
-70 -393 38 1 2
-67 -394 59 -3 -3
-65 -394 76 -3 -2
-62 -395 39 2 0
-60 -395 26 1 2
-57 -395 34 -2 1
-55 -396 53 2 0
-52 -396 53 -1 1
-50 -396 47 -1 0
-47 -397 42 3 -1
-45 -397 77 3 -1
-42 -397 71 0 -3
-40 -397 20 -2 0
-37 -398 65 -3 -2
-35 -398 70 -2 2
-32 -398 65 1 -1
-30 -398 42 -1 -2
-27 -399 70 -1 3
-25 -399 38 -1 0
-22 -399 59 1 2
-20 -399 32 -3 -3
-17 -399 31 3 0
-15 -399 58 1 -3
-12 -399 68 -2 2
-10 -399 62 -3 0
-7 -399 53 -3 -1
-5 -399 32 -3 -3
-2 -399 74 0 -3
0 -400 73 3 2
2 -399 32 -3 1
5 -399 31 -3 0
7 -399 47 2 -1
10 -399 41 3 3
12 -399 59 1 0
15 -399 41 0 -2
17 -399 38 1 -2
20 -399 42 1 3
22 -399 37 1 0
25 -399 66 3 -2
27 -399 47 -2 -3
30 -398 73 -3 2
32 -398 73 3 3
35 -398 27 2 -1
37 -398 38 3 3
40 -397 41 1 2
42 -397 71 2 1
45 -397 44 -3 0
47 -397 49 -3 -3
50 -396 44 -3 -1
52 -396 72 -1 -3
55 -396 25 1 -3
57 -395 38 0 -1
60 -395 49 -3 0
62 -395 36 0 1
65 -394 71 0 -3
67 -394 68 -1 -1
70 -393 70 -3 3
72 -393 67 2 -1
74 -392 26 -2 -2
77 -392 67 3 -2
79 -391 68 -3 2
82 -391 68 3 3
84 -390 71 -1 -3
87 -390 25 0 3
89 -389 68 -2 0
92 -389 42 2 3
94 -388 57 -2 1
97 -388 77 3 0
99 -387 64 1 -1
101 -386 77 3 -1
104 -386 73 -2 -3
106 -385 49 -1 -3
109 -384 31 3 0
111 -384 59 -1 -1
114 -383 45 0 0
116 -382 48 2 -3
118 -381 68 -2 2
121 -381 33 0 0
123 -380 28 0 -2
125 -379 38 -1 1
128 -378 54 -1 3
130 -378 71 0 2
133 -377 67 -1 0
135 -376 69 0 -2
137 -375 66 3 -1
140 -374 49 2 3
142 -373 64 1 2
144 -372 38 2 2
147 -371 35 2 -2
149 -370 22 -2 0
151 -370 73 1 0
154 -369 41 -2 -1
156 -368 41 3 -3
158 -367 26 3 3
161 -366 56 -3 2
163 -365 52 -3 -3
165 -364 38 1 2
168 -362 56 3 1
170 -361 29 3 3
172 -360 41 0 2
174 -359 62 0 1
177 -358 59 2 3
179 -357 54 2 -3
181 -356 47 1 -3
183 -355 38 3 1
186 -354 45 -2 -3
188 -352 23 -2 -2
190 -351 31 1 -3
192 -350 73 3 3
194 -349 29 -3 1
197 -348 51 -3 -1
199 -346 58 2 1
201 -345 78 2 -2
203 -344 72 2 -3
205 -343 49 2 1
207 -341 64 -1 0
210 -340 30 3 -3
212 -339 50 2 -3
214 -337 21 3 -1
216 -336 73 -3 1
218 -335 44 -3 -3
220 -333 38 2 1
222 -332 52 -1 -3
224 -330 51 -3 -2
226 -329 66 2 2
228 -327 62 0 -1
231 -326 67 0 2
233 -325 68 1 1
235 -323 70 3 1
237 -322 26 3 3
239 -320 47 1 -2
241 -319 77 -1 3
243 -317 68 1 1
245 -316 71 1 -3
247 -314 70 2 -2
249 -312 47 2 0
251 -311 75 1 3
253 -309 58 2 1
254 -308 67 1 1
256 -306 60 -3 -1
258 -304 44 1 1
260 -303 42 -1 -2
262 -301 31 -2 0
264 -300 47 -3 3
266 -298 27 -2 0
268 -296 45 -1 2
270 -295 23 -3 2
271 -293 58 3 -1
273 -291 43 -3 -2
275 -289 74 3 -1
277 -288 70 0 3
279 -286 42 1 -3
281 -284 46 -3 3
282 -282 31 3 3
284 -281 24 3 3
286 -279 68 -1 0
288 -277 55 -2 3
289 -275 60 -3 0
291 -273 63 2 -3
293 -271 77 0 -3
295 -270 75 3 3
296 -268 69 2 -2
298 -266 20 3 -3
300 -264 43 -3 1
301 -262 32 1 0
303 -260 36 -1 -2
304 -258 76 2 2
306 -256 72 -2 2
308 -254 40 0 3
309 -253 22 3 0
311 -251 80 -2 -2
312 -249 63 -2 2
314 -247 35 0 -1
316 -245 37 -1 -3
317 -243 36 -3 2
319 -241 40 3 -3
320 -239 70 3 3
322 -237 27 -1 1
323 -235 52 2 2
325 -233 55 -1 2
326 -231 32 -2 -3
327 -228 25 -2 1
329 -226 24 -1 0
330 -224 41 -1 0
332 -222 54 -1 1
333 -220 20 2 3
335 -218 57 -1 0
336 -216 71 1 1
337 -214 71 -3 -3
339 -212 79 2 3
340 -210 48 -2 -3
341 -207 31 -1 2
343 -205 78 0 1
344 -203 67 0 -3
345 -201 34 -1 -3
346 -199 78 0 3
348 -197 26 -2 1
349 -194 79 -2 0
350 -192 38 -1 -2
351 -190 33 0 1
352 -188 42 3 -1
354 -186 38 -2 1
355 -183 67 2 2
356 -181 63 2 -2
357 -179 73 -2 1
358 -177 42 -1 1
359 -174 40 2 3
360 -172 75 -1 0
361 -170 21 2 1
362 -168 53 2 3
364 -165 72 0 2
365 -163 79 -3 -2
366 -161 43 -2 3
367 -158 41 -3 -1
368 -156 55 1 -3
369 -154 47 2 1
370 -151 37 2 -3
370 -149 49 1 -1
371 -147 33 -1 1
372 -144 77 3 -1
373 -142 79 2 0
374 -140 66 -3 -3
375 -137 65 3 1
376 -135 73 -2 3
377 -133 20 -3 -3
378 -130 37 3 0
378 -128 50 3 1
379 -125 29 3 3
380 -123 74 -2 -2
381 -121 24 1 -2
381 -118 26 -3 2
382 -116 29 3 0
383 -114 25 3 3
384 -111 39 -3 1
384 -109 39 -1 2
385 -106 45 -3 2
386 -104 37 3 -3
386 -101 53 1 -2
387 -99 58 3 2
388 -97 35 -3 -3
388 -94 40 -3 3
389 -92 41 -1 1
389 -89 72 0 3
390 -87 60 2 2
390 -84 51 3 -2
391 -82 56 -1 1
391 -79 35 -3 -3
392 -77 60 0 -2
392 -74 24 -1 2
393 -72 79 3 -1
393 -70 37 -1 2
394 -67 62 3 0
394 -65 26 1 -2
395 -62 20 -3 0
395 -60 20 2 2
395 -57 35 2 3
396 -55 55 1 3
396 -52 36 0 -2
396 -50 36 -3 -3
397 -47 48 0 1
397 -45 59 -2 -3
397 -42 33 1 2
397 -40 77 -2 -1
398 -37 47 -1 -2
398 -35 43 1 -1
398 -32 26 -3 -1
398 -30 37 1 0
399 -27 38 1 3
399 -25 60 0 3
399 -22 57 -2 2
399 -20 66 -1 2
399 -17 69 -3 -2
399 -15 63 -1 -2
399 -12 27 -1 3
399 -10 45 -1 2
399 -7 67 1 -3
399 -5 73 1 -3
399 -2 70 -1 3
400 0 40 0 0
399 2 40 0 0
399 5 40 0 0
399 7 40 0 0
399 10 40 0 0
399 12 40 0 0
399 15 40 0 0
399 17 40 0 0
399 20 40 0 0
399 22 40 0 0
399 25 40 0 0
399 27 40 0 0
398 30 40 0 0
398 32 40 0 0
398 35 40 0 0
398 37 40 0 0
397 40 40 0 0
397 42 40 0 0
397 45 40 0 0
397 47 40 0 0
396 50 40 0 0
396 52 40 0 0
396 55 40 0 0
395 57 40 0 0
395 60 40 0 0
395 62 40 0 0
394 65 40 0 0
394 67 40 0 0
393 70 40 0 0
393 72 40 0 0
392 74 40 0 0
392 77 40 0 0
391 79 40 0 0
391 82 40 0 0
390 84 40 0 0
390 87 40 0 0
389 89 40 0 0
389 92 40 0 0
388 94 40 0 0
388 97 40 0 0
387 99 40 0 0
386 101 40 0 0
386 104 40 0 0
385 106 40 0 0
384 109 40 0 0
384 111 40 0 0
383 114 40 0 0
382 116 40 0 0
381 118 40 0 0
381 121 40 0 0
380 123 40 0 0
379 125 40 0 0
378 128 40 0 0
378 130 40 0 0
377 133 40 0 0
376 135 40 0 0
375 137 40 0 0
374 140 40 0 0
373 142 40 0 0
372 144 40 0 0
371 147 40 0 0
370 149 40 0 0
370 151 40 0 0
369 154 40 0 0
368 156 40 0 0
367 158 40 0 0
366 161 40 0 0
365 163 40 0 0
364 165 40 0 0
362 168 40 0 0
361 170 40 0 0
360 172 40 0 0
359 174 40 0 0
358 177 40 0 0
357 179 40 0 0
356 181 40 0 0
355 183 40 0 0
354 186 40 0 0
352 188 40 0 0
351 190 40 0 0
350 192 40 0 0
349 194 40 0 0
348 197 40 0 0
346 199 40 0 0
345 201 40 0 0
344 203 40 0 0
343 205 40 0 0
341 207 40 0 0
340 210 40 0 0
339 212 40 0 0
337 214 40 0 0
336 216 40 0 0
335 218 40 0 0
333 220 40 0 0
332 222 40 0 0
330 224 40 0 0
329 226 40 0 0
327 228 40 0 0
326 231 40 0 0
325 233 40 0 0
323 235 40 0 0
322 237 40 0 0
320 239 40 0 0
319 241 40 0 0
317 243 40 0 0
316 245 40 0 0
314 247 40 0 0
312 249 40 0 0
311 251 40 0 0
309 253 40 0 0
308 254 40 0 0
306 256 40 0 0
304 258 40 0 0
303 260 40 0 0
301 262 40 0 0
300 264 40 0 0
298 266 40 0 0
296 268 40 0 0
295 270 40 0 0
293 271 40 0 0
291 273 40 0 0
289 275 40 0 0
288 277 40 0 0
286 279 40 0 0
284 281 40 0 0
282 282 40 0 0
281 284 40 0 0
279 286 40 0 0
277 288 40 0 0
275 289 40 0 0
273 291 40 0 0
271 293 40 0 0
270 295 40 0 0
268 296 40 0 0
266 298 40 0 0
264 300 40 0 0
262 301 40 0 0
260 303 40 0 0
258 304 40 0 0
256 306 40 0 0
254 308 40 0 0
253 309 40 0 0
251 311 40 0 0
249 312 40 0 0
247 314 40 0 0
245 316 40 0 0
243 317 40 0 0
241 319 40 0 0
239 320 40 0 0
237 322 40 0 0
235 323 40 0 0
233 325 40 0 0
231 326 40 0 0
228 327 40 0 0
226 329 40 0 0
224 330 40 0 0
222 332 40 0 0
220 333 40 0 0
218 335 40 0 0
216 336 40 0 0
214 337 40 0 0
212 339 40 0 0
210 340 40 0 0
207 341 40 0 0
205 343 40 0 0
203 344 40 0 0
201 345 40 0 0
199 346 40 0 0
197 348 40 0 0
194 349 40 0 0
192 350 40 0 0
190 351 40 0 0
188 352 40 0 0
186 354 40 0 0
183 355 40 0 0
181 356 40 0 0
179 357 40 0 0
177 358 40 0 0
174 359 40 0 0
172 360 40 0 0
170 361 40 0 0
168 362 40 0 0
165 364 40 0 0
163 365 40 0 0
161 366 40 0 0
158 367 40 0 0
156 368 40 0 0
154 369 40 0 0
151 370 40 0 0
149 370 40 0 0
147 371 40 0 0
144 372 40 0 0
142 373 40 0 0
140 374 40 0 0
137 375 40 0 0
135 376 40 0 0
133 377 40 0 0
130 378 40 0 0
128 378 40 0 0
125 379 40 0 0
123 380 40 0 0
121 381 40 0 0
118 381 40 0 0
116 382 40 0 0
114 383 40 0 0
111 384 40 0 0
109 384 40 0 0
106 385 40 0 0
104 386 40 0 0
101 386 40 0 0
99 387 40 0 0
97 388 40 0 0
94 388 40 0 0
92 389 40 0 0
89 389 40 0 0
87 390 40 0 0
84 390 40 0 0
82 391 40 0 0
79 391 40 0 0
77 392 40 0 0
74 392 40 0 0
72 393 40 0 0
70 393 40 0 0
67 394 40 0 0
65 394 40 0 0
62 395 40 0 0
60 395 40 0 0
57 395 40 0 0
55 396 40 0 0
52 396 40 0 0
50 396 40 0 0
47 397 40 0 0
45 397 40 0 0
42 397 40 0 0
40 397 40 0 0
37 398 40 0 0
35 398 40 0 0
32 398 40 0 0
30 398 40 0 0
27 399 40 0 0
25 399 40 0 0
22 399 40 0 0
20 399 40 0 0
17 399 40 0 0
15 399 40 0 0
12 399 40 0 0
10 399 40 0 0
7 399 40 0 0
5 399 40 0 0
2 399 40 0 0
0 400 40 0 0
-2 399 40 0 0
-5 399 40 0 0
-7 399 40 0 0
-10 399 40 0 0
-12 399 40 0 0
-15 399 40 0 0
-17 399 40 0 0
-20 399 40 0 0
-22 399 40 0 0
-25 399 40 0 0
-27 399 40 0 0
-30 398 40 0 0
-32 398 40 0 0
-35 398 40 0 0
-37 398 40 0 0
-40 397 40 0 0
-42 397 40 0 0
-45 397 40 0 0
-47 397 40 0 0
-50 396 40 0 0
-52 396 40 0 0
-55 396 40 0 0
-57 395 40 0 0
-60 395 40 0 0
-62 395 40 0 0
-65 394 40 0 0
-67 394 40 0 0
-70 393 40 0 0
-72 393 40 0 0
-74 392 40 0 0
-77 392 40 0 0
-79 391 40 0 0
-82 391 40 0 0
-84 390 40 0 0
-87 390 40 0 0
-89 389 40 0 0
-92 389 40 0 0
-94 388 40 0 0
-97 388 40 0 0
-99 387 40 0 0
-101 386 40 0 0
-104 386 40 0 0
-106 385 40 0 0
-109 384 40 0 0
-111 384 40 0 0
-114 383 40 0 0
-116 382 40 0 0
-118 381 40 0 0
-121 381 40 0 0
-123 380 40 0 0
-125 379 40 0 0
-128 378 40 0 0
-130 378 40 0 0
-133 377 40 0 0
-135 376 40 0 0
-137 375 40 0 0
-140 374 40 0 0
-142 373 40 0 0
-144 372 40 0 0
-147 371 40 0 0
-149 370 40 0 0
-151 370 40 0 0
-154 369 40 0 0
-156 368 40 0 0
-158 367 40 0 0
-161 366 40 0 0
-163 365 40 0 0
-165 364 40 0 0
-168 362 40 0 0
-170 361 40 0 0
-172 360 40 0 0
-174 359 40 0 0
-177 358 40 0 0
-179 357 40 0 0
-181 356 40 0 0
-183 355 40 0 0
-186 354 40 0 0
-188 352 40 0 0
-190 351 40 0 0
-192 350 40 0 0
-194 349 40 0 0
-197 348 40 0 0
-199 346 40 0 0
-201 345 40 0 0
-203 344 40 0 0
-205 343 40 0 0
-207 341 40 0 0
-210 340 40 0 0
-212 339 40 0 0
-214 337 40 0 0
-216 336 40 0 0
-218 335 40 0 0
-220 333 40 0 0
-222 332 40 0 0
-224 330 40 0 0
-226 329 40 0 0
-228 327 40 0 0
-231 326 40 0 0
-233 325 40 0 0
-235 323 40 0 0
-237 322 40 0 0
-239 320 40 0 0
-241 319 40 0 0
-243 317 40 0 0
-245 316 40 0 0
-247 314 40 0 0
-249 312 40 0 0
-251 311 40 0 0
-253 309 40 0 0
-254 308 40 0 0
-256 306 40 0 0
-258 304 40 0 0
-260 303 40 0 0
-262 301 40 0 0
-264 300 40 0 0
-266 298 40 0 0
-268 296 40 0 0
-270 295 40 0 0
-271 293 40 0 0
-273 291 40 0 0
-275 289 40 0 0
-277 288 40 0 0
-279 286 40 0 0
-281 284 40 0 0
-282 282 40 0 0
-284 281 40 0 0
-286 279 40 0 0
-288 277 40 0 0
-289 275 40 0 0
-291 273 40 0 0
-293 271 40 0 0
-295 270 40 0 0
-296 268 40 0 0
-298 266 40 0 0
-300 264 40 0 0
-301 262 40 0 0
-303 260 40 0 0
-304 258 40 0 0
-306 256 40 0 0
-308 254 40 0 0
-309 253 40 0 0
-311 251 40 0 0
-312 249 40 0 0
-314 247 40 0 0
-316 245 40 0 0
-317 243 40 0 0
-319 241 40 0 0
-320 239 40 0 0
-322 237 40 0 0
-323 235 40 0 0
-325 233 40 0 0
-326 231 40 0 0
-327 228 40 0 0
-329 226 40 0 0
-330 224 40 0 0
-332 222 40 0 0
-333 220 40 0 0
-335 218 40 0 0
-336 216 40 0 0
-337 214 40 0 0
-339 212 40 0 0
-340 210 40 0 0
-341 207 40 0 0
-343 205 40 0 0
-344 203 40 0 0
-345 201 40 0 0
-346 199 40 0 0
-348 197 40 0 0
-349 194 40 0 0
-350 192 40 0 0
-351 190 40 0 0
-352 188 40 0 0
-354 186 40 0 0
-355 183 40 0 0
-356 181 40 0 0
-357 179 40 0 0
-358 177 40 0 0
-359 174 40 0 0
-360 172 40 0 0
-361 170 40 0 0
-362 168 40 0 0
-364 165 40 0 0
-365 163 40 0 0
-366 161 40 0 0
-367 158 40 0 0
-368 156 40 0 0
-369 154 40 0 0
-370 151 40 0 0
-370 149 40 0 0
-371 147 40 0 0
-372 144 40 0 0
-373 142 40 0 0
-374 140 40 0 0
-375 137 40 0 0
-376 135 40 0 0
-377 133 40 0 0
-378 130 40 0 0
-378 128 40 0 0
-379 125 40 0 0
-380 123 40 0 0
-381 121 40 0 0
-381 118 40 0 0
-382 116 40 0 0
-383 114 40 0 0
-384 111 40 0 0
-384 109 40 0 0
-385 106 40 0 0
-386 104 40 0 0
-386 101 40 0 0
-387 99 40 0 0
-388 97 40 0 0
-388 94 40 0 0
-389 92 40 0 0
-389 89 40 0 0
-390 87 40 0 0
-390 84 40 0 0
-391 82 40 0 0
-391 79 40 0 0
-392 77 40 0 0
-392 74 40 0 0
-393 72 40 0 0
-393 70 40 0 0
-394 67 40 0 0
-394 65 40 0 0
-395 62 40 0 0
-395 60 40 0 0
-395 57 40 0 0
-396 55 40 0 0
-396 52 40 0 0
-396 50 40 0 0
-397 47 40 0 0
-397 45 40 0 0
-397 42 40 0 0
-397 40 40 0 0
-398 37 40 0 0
-398 35 40 0 0
-398 32 40 0 0
-398 30 40 0 0
-399 27 40 0 0
-399 25 40 0 0
-399 22 40 0 0
-399 20 40 0 0
-399 17 40 0 0
-399 15 40 0 0
-399 12 40 0 0
-399 10 40 0 0
-399 7 40 0 0
-399 5 40 0 0
-399 2 40 0 0
-400 0 40 0 0
-399 -2 40 0 0
-399 -5 40 0 0
-399 -7 40 0 0
-399 -10 40 0 0
-399 -12 40 0 0
-399 -15 40 0 0
-399 -17 40 0 0
-399 -20 40 0 0
-399 -22 40 0 0
-399 -25 40 0 0
-399 -27 40 0 0
-398 -30 40 0 0
-398 -32 40 0 0
-398 -35 40 0 0
-398 -37 40 0 0
-397 -40 40 0 0
-397 -42 40 0 0
-397 -45 40 0 0
-397 -47 40 0 0
-396 -50 40 0 0
-396 -52 40 0 0
-396 -55 40 0 0
-395 -57 40 0 0
-395 -60 40 0 0
-395 -62 40 0 0
-394 -65 40 0 0
-394 -67 40 0 0
-393 -70 40 0 0
-393 -72 40 0 0
-392 -74 40 0 0
-392 -77 40 0 0
-391 -79 40 0 0
-391 -82 40 0 0
-390 -84 40 0 0
-390 -87 40 0 0
-389 -89 40 0 0
-389 -92 40 0 0
-388 -94 40 0 0
-388 -97 40 0 0
-387 -99 40 0 0
-386 -101 40 0 0
-386 -104 40 0 0
-385 -106 40 0 0
-384 -109 40 0 0
-384 -111 40 0 0
-383 -114 40 0 0
-382 -116 40 0 0
-381 -118 40 0 0
-381 -121 40 0 0
-380 -123 40 0 0
-379 -125 40 0 0
-378 -128 40 0 0
-378 -130 40 0 0
-377 -133 40 0 0
-376 -135 40 0 0
-375 -137 40 0 0
-374 -140 40 0 0
-373 -142 40 0 0
-372 -144 40 0 0
-371 -147 40 0 0
-370 -149 40 0 0
-370 -151 40 0 0
-369 -154 40 0 0
-368 -156 40 0 0
-367 -158 40 0 0
-366 -161 40 0 0
-365 -163 40 0 0
-364 -165 40 0 0
-362 -168 40 0 0
-361 -170 40 0 0
-360 -172 40 0 0
-359 -174 40 0 0
-358 -177 40 0 0
-357 -179 40 0 0
-356 -181 40 0 0
-355 -183 40 0 0
-354 -186 40 0 0
-352 -188 40 0 0
-351 -190 40 0 0
-350 -192 40 0 0
-349 -194 40 0 0
-348 -197 40 0 0
-346 -199 40 0 0
-345 -201 40 0 0
-344 -203 40 0 0
-343 -205 40 0 0
-341 -207 40 0 0
-340 -210 40 0 0
-339 -212 40 0 0
-337 -214 40 0 0
-336 -216 40 0 0
-335 -218 40 0 0
-333 -220 40 0 0
-332 -222 40 0 0
-330 -224 40 0 0
-329 -226 40 0 0
-327 -228 40 0 0
-326 -231 40 0 0
-325 -233 40 0 0
-323 -235 40 0 0
-322 -237 40 0 0
-320 -239 40 0 0
-319 -241 40 0 0
-317 -243 40 0 0
-316 -245 40 0 0
-314 -247 40 0 0
-312 -249 40 0 0
-311 -251 40 0 0
-309 -253 40 0 0
-308 -254 40 0 0
-306 -256 40 0 0
-304 -258 40 0 0
-303 -260 40 0 0
-301 -262 40 0 0
-300 -264 40 0 0
-298 -266 40 0 0
-296 -268 40 0 0
-295 -270 40 0 0
-293 -271 40 0 0
-291 -273 40 0 0
-289 -275 40 0 0
-288 -277 40 0 0
-286 -279 40 0 0
-284 -281 40 0 0
-282 -282 40 0 0
-281 -284 40 0 0
-279 -286 40 0 0
-277 -288 40 0 0
-275 -289 40 0 0
-273 -291 40 0 0
-271 -293 40 0 0
-270 -295 40 0 0
-268 -296 40 0 0
-266 -298 40 0 0
-264 -300 40 0 0
-262 -301 40 0 0
-260 -303 40 0 0
-258 -304 40 0 0
-256 -306 40 0 0
-254 -308 40 0 0
-253 -309 40 0 0
-251 -311 40 0 0
-249 -312 40 0 0
-247 -314 40 0 0
-245 -316 40 0 0
-243 -317 40 0 0
-241 -319 40 0 0
-239 -320 40 0 0
-237 -322 40 0 0
-235 -323 40 0 0
-233 -325 40 0 0
-231 -326 40 0 0
-228 -327 40 0 0
-226 -329 40 0 0
-224 -330 40 0 0
-222 -332 40 0 0
-220 -333 40 0 0
-218 -335 40 0 0
-216 -336 40 0 0
-214 -337 40 0 0
-212 -339 40 0 0
-210 -340 40 0 0
-207 -341 40 0 0
-205 -343 40 0 0
-203 -344 40 0 0
-201 -345 40 0 0
-199 -346 40 0 0
-197 -348 40 0 0
-194 -349 40 0 0
-192 -350 40 0 0
-190 -351 40 0 0
-188 -352 40 0 0
-186 -354 40 0 0
-183 -355 40 0 0
-181 -356 40 0 0
-179 -357 40 0 0
-177 -358 40 0 0
-174 -359 40 0 0
-172 -360 40 0 0
-170 -361 40 0 0
-168 -362 40 0 0
-165 -364 40 0 0
-163 -365 40 0 0
-161 -366 40 0 0
-158 -367 40 0 0
-156 -368 40 0 0
-154 -369 40 0 0
-151 -370 40 0 0
-149 -370 40 0 0
-147 -371 40 0 0
-144 -372 40 0 0
-142 -373 40 0 0
-140 -374 40 0 0
-137 -375 40 0 0
-135 -376 40 0 0
-133 -377 40 0 0
-130 -378 40 0 0
-128 -378 40 0 0
-125 -379 40 0 0
-123 -380 40 0 0
-121 -381 40 0 0
-118 -381 40 0 0
-116 -382 40 0 0
-114 -383 40 0 0
-111 -384 40 0 0
-109 -384 40 0 0
-106 -385 40 0 0
-104 -386 40 0 0
-101 -386 40 0 0
-99 -387 40 0 0
-97 -388 40 0 0
-94 -388 40 0 0
-92 -389 40 0 0
-89 -389 40 0 0
-87 -390 40 0 0
-84 -390 40 0 0
-82 -391 40 0 0
-79 -391 40 0 0
-77 -392 40 0 0
-74 -392 40 0 0
-72 -393 40 0 0
-70 -393 40 0 0
-67 -394 40 0 0
-65 -394 40 0 0
-62 -395 40 0 0
-60 -395 40 0 0
-57 -395 40 0 0
-55 -396 40 0 0
-52 -396 40 0 0
-50 -396 40 0 0
-47 -397 40 0 0
-45 -397 40 0 0
-42 -397 40 0 0
-40 -397 40 0 0
-37 -398 40 0 0
-35 -398 40 0 0
-32 -398 40 0 0
-30 -398 40 0 0
-27 -399 40 0 0
-25 -399 40 0 0
-22 -399 40 0 0
-20 -399 40 0 0
-17 -399 40 0 0
-15 -399 40 0 0
-12 -399 40 0 0
-10 -399 40 0 0
-7 -399 40 0 0
-5 -399 40 0 0
-2 -399 40 0 0
0 -400 40 0 0
2 -399 40 0 0
5 -399 40 0 0
7 -399 40 0 0
10 -399 40 0 0
12 -399 40 0 0
15 -399 40 0 0
17 -399 40 0 0
20 -399 40 0 0
22 -399 40 0 0
25 -399 40 0 0
27 -399 40 0 0
30 -398 40 0 0
32 -398 40 0 0
35 -398 40 0 0
37 -398 40 0 0
40 -397 40 0 0
42 -397 40 0 0
45 -397 40 0 0
47 -397 40 0 0
50 -396 40 0 0
52 -396 40 0 0
55 -396 40 0 0
57 -395 40 0 0
60 -395 40 0 0
62 -395 40 0 0
65 -394 40 0 0
67 -394 40 0 0
70 -393 40 0 0
72 -393 40 0 0
74 -392 40 0 0
77 -392 40 0 0
79 -391 40 0 0
82 -391 40 0 0
84 -390 40 0 0
87 -390 40 0 0
89 -389 40 0 0
92 -389 40 0 0
94 -388 40 0 0
97 -388 40 0 0
99 -387 40 0 0
101 -386 40 0 0
104 -386 40 0 0
106 -385 40 0 0
109 -384 40 0 0
111 -384 40 0 0
114 -383 40 0 0
116 -382 40 0 0
118 -381 40 0 0
121 -381 40 0 0
123 -380 40 0 0
125 -379 40 0 0
128 -378 40 0 0
130 -378 40 0 0
133 -377 40 0 0
135 -376 40 0 0
137 -375 40 0 0
140 -374 40 0 0
142 -373 40 0 0
144 -372 40 0 0
147 -371 40 0 0
149 -370 40 0 0
151 -370 40 0 0
154 -369 40 0 0
156 -368 40 0 0
158 -367 40 0 0
161 -366 40 0 0
163 -365 40 0 0
165 -364 40 0 0
168 -362 40 0 0
170 -361 40 0 0
172 -360 40 0 0
174 -359 40 0 0
177 -358 40 0 0
179 -357 40 0 0
181 -356 40 0 0
183 -355 40 0 0
186 -354 40 0 0
188 -352 40 0 0
190 -351 40 0 0
192 -350 40 0 0
194 -349 40 0 0
197 -348 40 0 0
199 -346 40 0 0
201 -345 40 0 0
203 -344 40 0 0
205 -343 40 0 0
207 -341 40 0 0
210 -340 40 0 0
212 -339 40 0 0
214 -337 40 0 0
216 -336 40 0 0
218 -335 40 0 0
220 -333 40 0 0
222 -332 40 0 0
224 -330 40 0 0
226 -329 40 0 0
228 -327 40 0 0
231 -326 40 0 0
233 -325 40 0 0
235 -323 40 0 0
237 -322 40 0 0
239 -320 40 0 0
241 -319 40 0 0
243 -317 40 0 0
245 -316 40 0 0
247 -314 40 0 0
249 -312 40 0 0
251 -311 40 0 0
253 -309 40 0 0
254 -308 40 0 0
256 -306 40 0 0
258 -304 40 0 0
260 -303 40 0 0
262 -301 40 0 0
264 -300 40 0 0
266 -298 40 0 0
268 -296 40 0 0
270 -295 40 0 0
271 -293 40 0 0
273 -291 40 0 0
275 -289 40 0 0
277 -288 40 0 0
279 -286 40 0 0
281 -284 40 0 0
282 -282 40 0 0
284 -281 40 0 0
286 -279 40 0 0
288 -277 40 0 0
289 -275 40 0 0
291 -273 40 0 0
293 -271 40 0 0
295 -270 40 0 0
296 -268 40 0 0
298 -266 40 0 0
300 -264 40 0 0
301 -262 40 0 0
303 -260 40 0 0
304 -258 40 0 0
306 -256 40 0 0
308 -254 40 0 0
309 -253 40 0 0
311 -251 40 0 0
312 -249 40 0 0
314 -247 40 0 0
316 -245 40 0 0
317 -243 40 0 0
319 -241 40 0 0
320 -239 40 0 0
322 -237 40 0 0
323 -235 40 0 0
325 -233 40 0 0
326 -231 40 0 0
327 -228 40 0 0
329 -226 40 0 0
330 -224 40 0 0
332 -222 40 0 0
333 -220 40 0 0
335 -218 40 0 0
336 -216 40 0 0
337 -214 40 0 0
339 -212 40 0 0
340 -210 40 0 0
341 -207 40 0 0
343 -205 40 0 0
344 -203 40 0 0
345 -201 40 0 0
346 -199 40 0 0
348 -197 40 0 0
349 -194 40 0 0
350 -192 40 0 0
351 -190 40 0 0
352 -188 40 0 0
354 -186 40 0 0
355 -183 40 0 0
356 -181 40 0 0
357 -179 40 0 0
358 -177 40 0 0
359 -174 40 0 0
360 -172 40 0 0
361 -170 40 0 0
362 -168 40 0 0
364 -165 40 0 0
365 -163 40 0 0
366 -161 40 0 0
367 -158 40 0 0
368 -156 40 0 0
369 -154 40 0 0
370 -151 40 0 0
370 -149 40 0 0
371 -147 40 0 0
372 -144 40 0 0
373 -142 40 0 0
374 -140 40 0 0
375 -137 40 0 0
376 -135 40 0 0
377 -133 40 0 0
378 -130 40 0 0
378 -128 40 0 0
379 -125 40 0 0
380 -123 40 0 0
381 -121 40 0 0
381 -118 40 0 0
382 -116 40 0 0
383 -114 40 0 0
384 -111 40 0 0
384 -109 40 0 0
385 -106 40 0 0
386 -104 40 0 0
386 -101 40 0 0
387 -99 40 0 0
388 -97 40 0 0
388 -94 40 0 0
389 -92 40 0 0
389 -89 40 0 0
390 -87 40 0 0
390 -84 40 0 0
391 -82 40 0 0
391 -79 40 0 0
392 -77 40 0 0
392 -74 40 0 0
393 -72 40 0 0
393 -70 40 0 0
394 -67 40 0 0
394 -65 40 0 0
395 -62 40 0 0
395 -60 40 0 0
395 -57 40 0 0
396 -55 40 0 0
396 -52 40 0 0
396 -50 40 0 0
397 -47 40 0 0
397 -45 40 0 0
397 -42 40 0 0
397 -40 40 0 0
398 -37 40 0 0
398 -35 40 0 0
398 -32 40 0 0
398 -30 40 0 0
399 -27 40 0 0
399 -25 40 0 0
399 -22 40 0 0
399 -20 40 0 0
399 -17 40 0 0
399 -15 40 0 0
399 -12 40 0 0
399 -10 40 0 0
399 -7 40 0 0
399 -5 40 0 0
399 -2 40 0 0