250 350 550 -5 3
150 150 449 -5 3
140 140 300 -5 3
130 130 300 -5 3
120 120 411 -5 3
110 110 442 -5 3
100 100 363 -5 3
90 90 910 -5 3
80 80 647 -5 3
70 70 808 -5 3
60 60 429 -5 3
50 50 742 -5 3
0 0 200000 1 -1
-550 -550 699 5 -5
-150 -150 665 5 -5
-140 -140 614 5 -5
-130 -130 871 5 -5
-120 -120 929 5 -5
-110 -110 957 5 -5
-100 -100 595 5 -5
-90 -90 328 5 -5
-80 -80 144 5 -5
-70 -70 313 5 -5
-60 -60 578 5 -5
-50 -50 650 5 -5
260 360 389 -5 3
270 370 367 -5 3
280 380 607 -5 3
290 390 838 -5 3
300 300 758 -5 3
310 310 844 -5 3
320 320 656 -5 3
330 330 308 -5 3
340 340 573 -5 3
350 350 782 -5 3
360 360 872 -5 3
370 370 604 -5 3
380 380 397 -5 3
390 390 726 -5 3
400 400 419 -5 3
410 410 559 -5 3
420 420 783 -5 3
430 430 735 -5 3
440 440 159 -5 3
450 450 371 -5 3
460 460 170 -5 3
470 470 591 -5 3
480 480 773 -5 3
490 490 610 -5 3
500 500 696 -5 3
-560 -560 342 5 -5
-570 -570 410 5 -5
-580 -580 483 5 -5
-590 -590 392 5 -5
-300 -300 475 5 -5
-310 -310 382 5 -5
-320 -320 445 5 -5
-330 -330 340 5 -5
-340 -340 416 5 -5
-350 -350 332 5 -5
-360 -360 331 5 -5
-370 -370 527 5 -5
-380 -380 496 5 -5
-390 -390 458 5 -5
-400 -400 451 5 -5
-410 -410 122 5 -5
-420 -420 305 5 -5
-430 -430 321 5 -5
-440 -440 100 5 -5
-450 -450 352 5 -5
-460 -460 308 5 -5
-470 -470 479 5 -5
-480 -480 303 5 -5
-490 -490 436 5 -5
-500 -500 351 5 -5
